  68  56  29  45  26 232 175 254 207 253  44 255  10   6  65 180
 179  31 137  62 104 182 151 155  58  62 217  23  32  25 251 109
 246 231 248 175  45  45 144  10  21  30 164 204 100 182 198 164
 227  58 177 234 180 163 218 226 167 246  54 100  76  64  29   4
 196  40 135  79 190 218   4  48 179   4 241 226  28 213 161  51
 118  40 235 177   8  80 245 127 148  45  87 100 245 255 165  50
  23 251  73 226 199 164 102 184 200 160 135 132   5  54  89  35
 164 226  85 167 163 253 185 144 244   7 118 106 107 253 207 108
 240  13 246 134 169  79 145 104 124 125 223  12 147  98 101 162
 233 122 140 169 108  93
